0.43161544960966464
0.7034702233288909
2.7357753272995184
0.2920491791526755
0.36057713173787465
0.29041476466464705
1.0654574301861355
1.9071372499913117
0.34846017788370587
0.3293034746160188
2.0879042646061947
0.5956934057617962
0.7647173219041266
0.31872175401086583
0.5498763506891244
1.0689917903172008
0.4361234576989841
1.9599116400641414
2.594480032867418
1.2785479961889823
0.2604016397129629
0.33776704792088247
0.40318792511768947
0.6147905775360605
0.46575659057403024
0.6323693210386255
0.2665730479658388
2.715251315733738
1.6103191445613394
0.8478558156278772
0.5077600103286078
0.8091639667722046
2.459864307075915
0.43416093537990796
0.5544148618480343
2.5945059502346193
0.22699455527667528
0.3380875198788984
0.3897570219224692
0.2855115141688216
0.4375457479172423
0.6351803308098531
0.9633316350249993
0.34451683013764345
0.5304205469759044
0.5190345803619681
2.0299153132394476
0.4057303440483394
0.3479123265367861
0.9416828763078758
1.8007964787555029
0.30498869245946814
1.2854900802616813
0.7966899105484316
0.3809562025734199
0.4574547963140653
0.29907823619631346
1.301228385452969
1.7651063837843202
2.7444159211668753
0.6839213237413787
0.8545582964637717
0.5456796634918969
2.278224431208587
0.5522982142953015
1.96577327039468
2.7507216369502796
0.24579414439616637
1.0233960273854021
2.805310498343439
2.5624982721916503
0.6907001061080303
1.7533679341017796
1.0506164501252073
0.3965480199715017
0.3373260028454636
0.3605160914573546
2.7295612116757786
0.5299612068855603
0.2917409174224456
1.4200920693610395
0.3664326457148773
2.783602233917558
0.7099010608561841
2.765837306744114
0.2450539990011602
1.0058004965173695
0.48757322256434554
0.41219322826017923
0.22121839209898098
0.3457239394000895
1.446625761672873
0.4279864850254625
0.3497420757015622
0.44833045366740165
1.8049702601082565
0.40112315822756694
0.6503204279916444
0.4941856543965786
0.4581842532271489
1.0256149505394667
1.3872068956825883
0.3525515542091249
0.2707697248051595
0.2763642764357526
0.31263732401555117
2.654063721854552
0.6585901870074382
0.3159855163482942
1.30871527957474
0.5213450432159382
0.6833994136910881
1.8105556618445497
0.3109357702133284
0.4891603223934281
0.6423955617438889
0.7633957389185404
0.2914372310962788
2.655663035701712
0.5151858463597999
0.37740352787544307
0.5548726990894888
0.47797884408222635
0.4916310240115772
2.734293559243867
0.3815101580160388
0.32289553770907814
2.0154024379148154
0.626031566560166
2.789697323807175
2.8086358152435724
0.3741957398544518
0.3015458849272523
0.3042592250878949
0.3478039701141732
0.4369154927397446
1.5317939332508703
2.7996060884880114
0.811428642882553
0.47711509109274064
0.48991877886168583
0.3383667839191876
2.3340295590939273
1.88357786844511
0.6221828378109118
0.4399035175969058
1.7448494079233792
2.784223341531331
0.29580635803815036
2.5962960457021254
0.4909076712151832
0.6379089465051525
0.3821145016244193
0.46631971633009434
0.7302343505449894
1.3032809378528625
0.38101723914249785
0.25206932679211946
1.3218882817021067
0.34590096997137143
2.7426701080272244
0.5519166969874487
0.8863431743448851
1.2093623345986606
0.40014952851687113
2.5530855212837196
0.5420903672878161
0.37963463800359387
0.3038975491848146
0.3202996972462147
0.3767167970580594
0.7424596662568296
0.36065191334479935
0.5578134189713025
2.630418876282439
1.4634002584625374
2.788564969756879
2.772449726895189
2.526226776877445
0.3514024261712777
2.201702920920804
0.6680411010454473
0.38673695360902327
0.47638256868454043
0.30506957139133634
2.7077125428065623
1.9930287956276356
1.5154589248994172
2.7786669663045642
0.3114866708507732
0.5226650777943107
0.4995879307180601
0.351606924884417
2.8373243046593766
0.33098673623393104
0.36123640169219184
0.39114879717782425
1.1674626609397818
0.4124068779901728
2.831905234717031
2.7881300521555863
0.8947472303819453
0.2762101527352967
0.3716289081582075
1.25587526299285
0.5376083090195429
0.2532550825421197
0.31968164643249414
0.4263032315042345
1.0556692545792505
0.38304234591959224
0.45520079916661665
0.33102945625102276
2.7747373213502535
1.668321795418081
0.46147904852035043
0.4600048549468635
0.46031769320465976
0.33781130053343644
0.5519838456356442
2.2741956045814233
0.4184653626041463
0.3786274419125419
0.6421773439240652
2.7467004351746738
0.5730847472341452
2.6268432842761356
0.34613751515765057
1.4931585424725828
0.5540287705218687
2.608438958482064
2.7879392929304787
0.34533174626823676
0.5499724918461051
1.3795872602646602
0.3978756921269857
0.3146608779816037
0.8992308028621354
0.3076730387848856
0.3285389220962484
0.5502471803021542
0.4576867565313387
0.5158969808048623
0.8136017646757581
0.3277102798496743
1.4153414339318837
0.3461466665055545
0.8205087222740971
2.736994653869812
0.3250945933746032
0.4187247821446711
0.38763579991589103
0.2989561431750863
1.2484509480549169
0.336108209508547
0.43763274505933353
2.268642238562643
0.6269777302962254
0.3779025525119034
0.300944611816903
2.765733524962879
1.0131775001257104
0.7945640955274381
2.575872706040423
0.756305640099263
1.3100383606484662
0.3481671730980653
2.8455970859923285
2.7509017147871946
0.3316063097143977
0.28010619679216586
2.7922885668603747
0.6281207444151219
0.40069738733449184
0.30266448647975014
2.6945334326711587
0.3261658830967603
0.5663090206411607
0.7327202942817983
2.684092098628502
0.26202537241070284
0.7791157370561073
2.7565893533833603
0.5458368590412046
0.254353843731314
0.4156299264276348
0.44024688838498804
0.6569023525389451
0.6307257618701837
0.5636033031180033
0.4528766130848563
2.1119351944046016
0.6140153475932033
2.369771521831451
2.6255018880085688
0.25757689132772327
2.7435933417918905
0.22782472451399444
0.30148026535474987
1.6242383685439
1.8512802362070335
0.3630096780598689
0.44422991988203436
2.7545062780513394
2.3808599179622374
2.7355159096745147
0.8351421713452641
0.4136307876007595
0.29758574235549684
2.797834273742203
0.4059729916274175
2.731458096449683
0.5093669452292071
1.9989087200541074
0.5814277513505217
0.4785999470255933
2.64724984296104
1.374183454515206
0.44396286247359823
0.3387574662600039
2.722619129110636
1.528299234953061
0.38366192610464955
0.2960077921990296
0.6020540377756596
0.18395341062244372
2.517760152875081
1.7694846619198032
2.827481176876729
2.7768585435904862
0.5685141832956984
0.35105143347865825
0.6414417806799313
0.4218150726168285
0.47207756048778377
1.8407717518047786
0.4072991445046238
0.3866850626200091
0.27130995338987124
2.6943075885058736
0.6926763648658294
2.6936834316176763
0.8333154725437526
0.4560004601456247
0.33147506503812174
0.44890883696989964
1.5057791115293768
2.7320166455966577
2.4979594694074443
0.2971706474839233
0.4752838100175584
0.2989515774070094
0.6743116943212841
0.49458091244368296
0.29035524939924817
0.37061865410106376
0.4646700302593248
1.998531783210614
0.907296048001236
0.4491255381686228
0.9775286325588279
0.9434897338830572
2.6749875931791105
0.6892793302291329
0.43228540958646633
0.2995848829033476
1.7502180989975753
0.5683127496404136
0.27541507023970624
0.3235151030101185
1.7691901313870737
0.6034397119226371
0.6008408203596657
0.4448082910155816
0.32413317186239493
0.4628021356253042
1.2572166643312275
0.3891176091707752
0.6600552049615231
0.5005691920674226
0.37549747857538746
0.40003049244803024
0.4853695749281244
0.3712168578176278
0.609057162516093
0.8251037055169694
1.3680318872222794
0.7409870224668154
2.238778673655888
0.6223308619134647
0.2907611809087799
0.31993039398889056
0.40876721622945955
0.31577643076602524
0.5479779262084231
0.47554171461227507
0.3575753747915922
0.8421712219252923
0.4915867715198853
0.30173206017603177
2.471686731727694
1.143752197958524
1.3193488849987347
2.8224146455288786
2.7702811957938964
2.6880812574666075
0.20418445482396874
0.6936377940108357
0.29269317545930773
0.30439809937644974
0.32978724967339806
0.22368756450473876
0.5375091203476768
0.33823401895116567
0.4396791916323108
0.9646913544307562
0.9968470761451206
0.46052981686337097
0.6682410016189355
2.392119208196292
0.2640443567102464
1.2121565653283803
0.3174719004933006
2.2813467527190716
0.4154635958685607
2.0357540369664497
2.617511404706863
2.533126099707232
2.6567557136409032
0.5674154196711704
0.3511979460189467
1.0186774368744522
0.3153186155143294
2.6537463003745954
0.3399981451711179
0.4742140447445982
2.690744234696085
2.2180196063010835
2.4141113520903996
0.32259185391709594
0.34799625649724564
0.7170201570192288
0.2798986384884478
0.24787569766739423
1.15787289152213
1.0247649121388267
0.47517851762326113
2.7640151715192767
0.6100658797160374
0.5071327958410522
0.2930212783372229
2.4343332233104777
2.676423608133196
0.3115232925297282
1.3557226524535702
0.2747710714909281
1.555536453824678
0.7431296010241583
0.9084451840739796
0.9599605633377729
0.8539371899828321
0.29939412698904305
0.6349529477053713
0.4323830764529201
0.32222101145762116
0.2855893479471364
0.2921346440154665
0.5388429033486217
0.7860471345499631
0.2321587533144844
1.2812216672592813
0.3182379851244053
0.369352009230001
0.6309928094141369
0.7264985554273506
1.1992414552583968
0.5059439934558128
1.5805883301474652
0.3455453882091622
0.4183951592079187
0.7583490454668997
0.3713160529357758
0.7875426844510738
2.1734203648985506
0.380857010846853
2.1180898260879277
0.47905014052752465
0.2893297337027292
0.4124252033539479
0.3272539802554323
0.4122023943517411
0.30261413594824277
2.6638885251008175
1.227202028018953
0.34914995872476
1.40115513790514
0.37325415624362884
0.33823706582250423
0.8970637760452644
2.669774558195729
2.7495953824317274
0.5873763501473507
0.32590646654548394
2.788300999610405
0.47314427823557936
0.4205270615638602
0.33479121671632694
1.012023797762919
0.3808966868798148
2.16362760798507
0.6453393492939056
0.2895174418875519
0.34276032509101406
0.3141832306874161
0.8481488223214824
2.7643219153525296
0.4665852414372952
1.069588499330631
0.37759886746235855
0.31873243483313235
0.5284549861697443
2.61114161314661
2.513593994362401
0.36217797937579466
0.3612989701868352
0.3510361675841256
2.7455757289918234
0.528648786042302
1.6184026893066197
0.6422277051745364
2.4505598784771028
2.7634581802743896
2.3085961548567973
0.33130110626811443
0.427412683310631
0.39597116236162466
0.29722711951078207
2.758936440978044
0.7494017300526722
0.5281726398201474
0.3264436329607728
0.9201058382382048
0.282419710988921
0.5498214109791781
0.21356517654703314
0.6628173770139784
2.493965761246846
0.804431651458285
0.23900163486741569
0.6312385190366936
0.3579614572461844
2.4346308157487195
0.9392304928096079
0.5577157400850794
0.2959955874456032
0.33853922701535977
1.1220591914454818
1.1076485604248416
0.3606473296331203
0.309936188548041
2.773093739933268
0.5779162702612022
0.3266053949754225
0.3676809578430306
0.588734548007936
0.3972271179048267
0.4487150178314693
0.23280885363576673
0.6325112487588503
0.9469020343263883
2.3809713183926524
0.3484510134857463
2.722399390956096
0.33805698890453767
0.4120360476825572
1.218482088445032
0.2538243021395127
0.2994185505320086
0.7642045726970896
1.646970633885271
2.265906007413262
0.4203943077445061
0.8641236635457304
1.4531023898339528
0.44288392922726116
0.530864643361144
0.4280978796883089
0.890900012844137
1.87012408581432
0.33959068577390666
0.3065773138068616
0.45871989783017186
0.7129974476152025
1.956246036800042
0.3733319902433933
0.6192512675282246
1.1456811490288215
0.8495939922626449
2.7533556232447016
0.2810325136102588
0.6275973125545348
0.6280780308743603
1.0364576253147524
2.2454307890723615
1.0408404862007015
0.9297749788567871
0.5756882065685819
2.791954384013693
0.6171025625094385
0.3033924293462038
0.7272173240525893
1.1549367403783435
0.33411058928150605
0.6603207202203037
0.6490064851036889
0.851951777880792
1.7105129381858513
0.46893691587916736
1.6098201017197802
0.43600137315846066
0.24271607845527862
1.4927922746820632
0.7163914253307441
0.86067933578797
0.437647991149914
2.7972238871162043
0.330538070910206
0.3419606749545532
0.26467461746658827
0.517981593567545
0.8033298303354914
2.7293796128237386
0.25141616835926645
0.3649889851609247
2.751191632764985
0.4796071578200159
1.4534655880041205
2.6662585455395322
0.30223414340161553
0.5262208193711828
1.4104732732239051
2.5902253568916342
2.7914400798782135
0.32655657020588963
0.42630475867732154
0.3517320677018001
1.5767166954319247
0.6907168981448926
0.3523287587608732
2.786257586649242
0.3174093223302191
0.3095851940121629
0.4473873426903618
0.985273395236998
0.7820869941681502
1.4401537125008121
0.2633835735901294
2.7326163924199047
0.6406314324924339
0.4249755446265589
0.3696404334179735
0.6739210235116977
0.44083290645091433
0.4163624344137322
0.3244109269847161
0.29976497549439857
0.6963434980127665
0.3022097250654456
0.34715233671306267
0.46273346437751117
0.5860685084889133
2.3115796072315193
0.26130355306890185
0.28317815117886336
1.4794056565010152
2.628404451628174
0.4063987650048607
1.7773240541406585
0.39367747581306634
0.2910083998377332
1.766734709011127
0.23062963787210014
0.8715601914724381
2.2271638091799115
0.44330054080319187
0.36231685535602326
1.248986609000212
0.38107981962784737
1.545069167013712
2.7615093892443836
1.1983044523008903
0.2788853427047755
0.5242796625743202
2.735950851905729
1.9952125858835004
0.24258025270185254
1.0109402791213393
1.6235501108136685
0.30783479903268124
0.27349071048679174
2.2842737252080445
0.5943504592798728
2.6932897004738883
0.6481534175568227
0.8808417130085157
0.30380446217871004
0.7605984654263767
1.3208612198544378
0.3452737598327051
0.49299838432895804
2.586468201066962
0.3815406966803436
0.467423057279331
2.344976051429543
0.8086832629938882
0.41567112884122803
2.3560446219690023
1.755234270315394
0.3391374492543719
0.7110471311747888
0.5882019391129307
2.7591363292890887
0.3895143800311252
0.439430434046377
2.5382552227137745
0.9053182653620976
0.3224285519271001
2.768709369411103
0.2908695290333062
1.257636345433266
0.6449120430275623
0.385410789723035
1.1921940951388272
0.6069816962612481
1.2117597662131436
0.4363279547036311
0.5314353766201614
0.3807089931779014
2.780104483860963
0.2843272903778238
2.052581950400883
0.4505340835379924
1.8682592302352359
0.427983422118248
0.3338984564909816
2.766290540937482
0.6092708049758039
0.335241407362318
1.1492872714306395
2.713392563245479
2.7292880204038026
2.736854273319525
2.0709618758956516
0.9054891921025677
0.3472378054423074
0.5194618703070292
1.1352535820330356
0.23311254994117747
0.7871993043338729
2.7040927412521327
2.652905437385077
0.6149630221312892
1.9443595277703416
2.7875120006743694
0.34336312185200046
1.290567279919101
0.7560538454869455
0.5435752198603198
1.4516877422416787
1.1550466204247334
1.0587854775030834
2.4411516832318303
0.4702737382112014
2.799609123128885
0.6105587980483077
0.27877698451262883
0.23982570789451088
2.750440816913175
0.9286457095316066
0.45092323532729606
2.755832413564252
0.43896346973387707
0.42764005656819226
0.362072680194634
1.774023182001795
0.7236249619818166
2.550225654095042
2.4215341271296635
0.3433112299240326
0.3970195770847646
1.3048222738230846
2.75817339043141
0.8463389118354214
0.434156354943391
0.2784748350748914
0.23009398852738566
2.7816290167608515
0.4948540670115384
0.429753661198786
1.026265040915411
0.41416338419011656
1.070002072248833
2.7690786960199496
0.2859494975118425
2.5487972606143385
1.1218333412162362
0.3456781586700963
0.536967366335704
0.339902004835422
0.26802281136817063
0.3753967400407315
1.1488630034701794
0.9205224551952391
2.7904527071904774
0.47054385527102127
2.790294025341355
0.325743170816475
0.706407898595235
0.31325843400432657
0.9820671256218036
1.2729091939539068
0.30258971486743186
0.3274935691672952
0.4624221343054805
0.2877487254630084
1.610993667232969
0.3309089021086946
2.71193055519885
0.3309150093650347
2.753729516257887
0.36106547956061524
2.6249188979626465
0.38285616595889566
1.1088755239529202
2.506398614293121
1.1121214692289922
0.551480243641276
0.43891767929637726
2.716313462978621
2.7556675738164547
0.40097970563919283
0.2872695442503815
1.3518189747831626
0.8998000185452283
2.089656166014396
2.2707543302091375
0.22769501755574048
0.2848888830111329
0.46064426412703807
0.28972039464365684
2.784914637608252
2.6415194672940903
1.9679601198082755
0.37345254868577593
1.0706140115742908
2.7334755621152014
0.2844295390543352
0.3112501417489698
1.7158801107937225
2.5737484341490755
0.3173986490704512
0.7311530465864979
0.31780762369399496
2.1679311129950376
0.4298437052695955
0.5561515300047386
2.7230617030481357
2.5296878834330907
2.7566030897761586
0.8016679461079758
0.4796682128444326
0.6276766751956422
1.8098658779680932
2.7841042987910996
0.3081644246027423
1.266803414920506
0.8621458807535118
2.5742703420255317
0.29050021967220996
0.3277240021658374
0.5210276119481366
2.8118206973563256
0.3408496921786808
0.22479854354695722
0.4313850151391994
0.3406772429208818
2.7379911888995805
0.816008359898387
0.7736447968479274
0.2468715478878577
0.2755386795912741
0.3105084698202525
0.3680975840854669
0.9865003480939238
0.4270448914934839
1.2919636350992725
0.6218348829527713
0.6010743285950136
0.4101376292050438
0.43634016402711767
0.26832649900317423
2.1206246275778846
0.33952964303635136
2.1529970002844587
0.2926702908897191
0.8625396117593767
0.3269487668064715
1.1344249084837243
0.3745391035097373
2.839532518760668
2.542720474717399
0.9719645850835231
0.5750335398854912
0.3604519960535264
0.39026368262950206
1.270862774172678
0.6434195586305854
2.5766403157076425
0.2797109451180941
0.40603097633811636
0.8887345176515161
1.2912570799408343
0.43887648012084846
0.6151553073715215
0.4402682484477252
1.5668797021658818
0.5623824533645775
0.40641707659567644
0.2678000073791583
2.0914355742121318
1.4744245733032733
0.34123579339717425
0.6309058315029834
0.33887954609227317
0.25937002124860425
0.28308354318886597
0.2682608716289214
0.6343867726479915
0.8004424973643186
0.38459281468105544
0.3896578315264771
0.8963785814961932
0.3730450894699594
0.5062369966838374
0.2923559266419233
0.4374358833325299
1.3389054097542135
0.5521166003072767
0.32935689217143044
2.296268593151329
2.7599237995332198
0.33274323673562445
2.3806996746524227
0.3560981309295492
2.781932730459096
1.0910846497408844
2.701271010612992
0.4809561991151491
1.0326943515122924
0.4978497343462494
1.0503554537870703
2.7626509006184055
2.424813662166299
0.4537403475472479
2.491206634403584
2.5097162791283054
0.42640394706453044
0.7550267997315886
0.3145662727562565
0.5880066190878018
0.3328393664377758
0.3465190181088178
0.49492122840634634
2.772254399930117
1.9208749061071773
0.26950920443945353
2.7560872876338354
0.26518127897635413
1.1458459648613286
1.4971507465435923
0.8185309538451423
1.577031060876277
0.40464073614892215
0.7193290975961051
0.8625716590667574
0.6473858049437947
1.4025667374453898
0.8126800169589593
2.7801304221724745
0.381650573434006
0.40967064340766635
2.5046604131432284
0.3740736471381634
0.8128158423915721
2.6275895224856103
0.2952676529783285
1.7059973085796787
1.2635773152381675
0.9100811088986871
0.4985074712605533
