3705.8571428571427 222.79792746113986
3709.714285714286 204.14507772020724
3713.5714285714284 242.48704663212433
3717.75 232.1243523316062
3721.285714285714 238.34196891191706
3725.464285714286 233.160621761658
3729.3214285714284 224.8704663212435
3733.8214285714284 236.26943005181346
3737.6785714285716 236.26943005181346
3741.535714285714 249.74093264248702
3745.714285714286 252.84974093264248
3749.5714285714284 265.2849740932642
3754.0714285714284 250.77720207253884
3757.6071428571427 255.9585492227979
3761.464285714286 263.2124352331606
3765.3214285714284 258.03108808290153
3769.8214285714284 275.64766839378234
3773.6785714285716 259.0673575129533
3777.8571428571427 294.300518134715
3781.714285714286 294.300518134715
3785.5714285714284 296.3730569948186
3789.75 283.9378238341969
3793.9285714285716 318.1347150259067
3797.785714285714 294.300518134715
3801.6428571428573 269.4300518134715
3805.8214285714284 278.7564766839378
3809.6785714285716 284.97409326424867
3814.1785714285716 279.7927461139896
3818.035714285714 316.06217616580307
3821.8928571428573 265.2849740932642
3826.0714285714284 288.08290155440415
3830.25 287.0466321243523
3833.785714285714 312.95336787564764
3837.964285714286 309.8445595854922
3841.8214285714284 333.67875647668393
3846 345.07772020725383
3849.8571428571427 318.1347150259067
3854.035714285714 332.6424870466321
3857.8928571428573 300.5181347150259
3861.75 326.42487046632124
3865.9285714285716 334.7150259067357
3870.1071428571427 363.7305699481865
3873.964285714286 387.5647668393782
3877.8214285714284 366.8393782383419
3882 341.9689119170984
3886.5 374.09326424870466
3890.035714285714 337.82383419689114
3893.8928571428573 347.15025906735747
3898.0714285714284 338.860103626943
3902.25 357.51295336787564
3906.1071428571427 333.67875647668393
3910.285714285714 330.56994818652845
3914.1428571428573 394.8186528497409
3918.3214285714284 348.1865284974093
3922.1785714285716 395.85492227979273
